frame,detector,direction,error_raw,error_filtered,angle_deg,v,straight_boost,left_cmd,right_cmd,fps,x_bottom,center,line_pixels,error_direction
70,THRESH,left,-9.0344,-22.3062,0.86,33.2,0.0,66.4,0.0,15.8,-1285.50,160.00,9449,LEFT
71,THRESH,left,-17.2008,-20.2640,0.44,33.1,0.0,66.2,0.0,16.0,-2592.12,160.00,9362,LEFT
72,THRESH,left,-17.2008,-19.0387,0.44,33.1,0.0,66.2,0.0,18.1,-2592.12,160.00,9362,LEFT
73,THRESH,left,-17.0886,-18.2587,0.44,33.1,0.0,66.2,0.0,19.8,-2574.18,160.00,9229,LEFT
74,THRESH,left,-15.3554,-17.0974,0.49,33.1,0.0,66.2,0.0,21.3,-2296.86,160.00,9202,LEFT
75,THRESH,left,-14.1145,-15.9042,0.53,33.1,0.0,66.3,0.0,20.6,-2098.31,160.00,8939,LEFT
76,THRESH,left,-16.7080,-16.2257,0.45,33.1,0.0,66.2,0.0,19.8,-2513.27,160.00,9367,LEFT
77,THRESH,left,-16.3325,-16.2684,0.46,33.1,0.0,66.2,0.0,19.0,-2453.20,160.00,9349,LEFT
78,THRESH,left,-17.1143,-16.6068,0.44,33.1,0.0,66.2,0.0,18.3,-2578.29,160.00,9342,LEFT
79,THRESH,left,0.9892,-9.5684,-85.50,53.9,0.0,0.0,100.0,17.6,318.27,160.00,865,RIGHT
80,THRESH,left,0.9538,-5.3595,-83.82,53.5,0.0,0.0,100.0,19.3,312.61,160.00,1909,RIGHT
81,THRESH,left,0.9252,-2.8456,-79.63,52.5,0.0,0.0,100.0,20.1,308.03,160.00,2948,RIGHT
82,THRESH,left,0.9111,-1.3429,-80.74,52.7,0.0,0.0,100.0,20.4,305.78,160.00,3147,RIGHT
83,THRESH,left,0.9493,-0.4260,-86.78,54.2,0.0,0.0,100.0,20.8,311.89,160.00,1694,RIGHT
84,THRESH,left,-12.9485,-5.4350,0.58,33.1,0.0,66.3,0.0,21.7,-1911.76,160.00,9150,LEFT
85,THRESH,left,-13.8576,-8.8040,0.54,33.1,0.0,66.3,0.0,20.7,-2057.22,160.00,8798,LEFT
86,THRESH,left,-12.6786,-10.3539,0.58,33.1,0.0,66.3,0.0,19.8,-1868.58,160.00,8957,LEFT
87,THRESH,left,-14.8128,-12.1374,0.50,33.1,0.0,66.2,0.0,19.0,-2210.05,160.00,8939,LEFT
88,THRESH,left,-12.6674,-12.3494,0.59,33.1,0.0,66.3,0.0,18.3,-1866.78,160.00,9053,LEFT
89,THRESH,left,0.9785,-7.0183,-85.13,53.8,0.0,0.0,100.0,17.7,316.55,160.00,1167,RIGHT
90,THRESH,left,0.9361,-3.8365,-82.41,53.1,0.0,0.0,100.0,19.0,309.77,160.00,2460,RIGHT
91,THRESH,left,1.8620,-1.5571,-8.17,35.0,0.0,0.0,70.0,19.4,457.93,160.00,5045,RIGHT
92,THRESH,left,1.7780,-0.2231,-8.92,35.2,0.0,0.0,70.4,19.3,444.48,160.00,4785,RIGHT
93,THRESH,right,0.9458,0.2445,-86.90,54.2,0.0,0.0,100.0,19.3,311.33,160.00,1785,RIGHT
94,THRESH,left,-5.8997,-2.2132,1.18,33.3,0.0,66.6,0.0,20.1,-783.95,160.00,6322,LEFT
95,THRESH,left,-10.1242,-5.3776,0.72,33.2,0.0,66.4,0.0,19.6,-1459.87,160.00,8632,LEFT
96,THRESH,left,-7.3194,-6.1543,0.97,33.2,0.0,66.5,0.0,18.9,-1011.10,160.00,8040,LEFT
97,THRESH,left,-9.1481,-7.3518,0.80,33.2,0.0,66.4,0.0,18.3,-1303.69,160.00,8446,LEFT
98,THRESH,left,-7.9536,-7.5925,0.90,33.2,0.0,66.4,0.0,17.8,-1112.58,160.00,6756,LEFT
99,THRESH,left,0.9199,-4.1875,-82.68,53.2,0.0,0.0,100.0,17.5,307.19,160.00,2815,RIGHT
100,THRESH,left,1.1344,-2.0588,-27.55,39.7,0.0,0.0,79.5,18.0,341.50,160.00,4208,RIGHT
101,THRESH,right,4.6440,0.6223,-2.19,33.5,0.0,0.0,67.1,18.2,903.04,160.00,6727,RIGHT
102,THRESH,right,3.1900,1.6494,-3.57,33.9,0.0,0.0,67.7,18.0,670.40,160.00,5197,RIGHT
103,THRESH,right,0.9303,1.3618,-87.63,54.4,0.0,41.9,66.9,18.0,308.85,160.00,2102,RIGHT
104,THRESH,right,0.9760,1.2075,-89.28,54.8,0.0,33.9,75.7,19.0,316.17,160.00,793,RIGHT
105,THRESH,left,-10.3397,-3.4114,0.71,33.2,0.0,66.3,0.0,20.5,-1494.35,160.00,8284,LEFT
106,THRESH,left,-8.6517,-5.5075,0.84,33.2,0.0,66.4,0.0,19.8,-1224.27,160.00,8174,LEFT
107,THRESH,left,-7.3948,-6.2624,0.97,33.2,0.0,66.5,0.0,19.1,-1023.16,160.00,8196,LEFT
108,THRESH,left,-8.6836,-7.2309,0.84,33.2,0.0,66.4,0.0,18.5,-1229.38,160.00,8273,LEFT
109,THRESH,left,0.9500,-3.9585,-86.10,54.0,0.0,0.0,100.0,17.9,312.00,160.00,1772,RIGHT
110,THRESH,left,1.3564,-1.8326,-16.14,36.9,0.0,0.0,73.9,19.1,377.02,160.00,4422,RIGHT
111,THRESH,right,3.2032,0.1817,-3.54,33.9,0.0,0.0,67.7,19.2,672.51,160.00,5554,RIGHT
112,THRESH,right,2.9074,1.2720,-4.06,34.0,0.0,0.0,68.0,19.0,625.18,160.00,4788,RIGHT
113,THRESH,right,0.9337,1.1367,-88.39,54.6,0.0,28.6,80.6,19.0,309.39,160.00,1965,RIGHT
114,THRESH,right,0.9742,1.0717,-89.67,54.9,0.0,22.8,87.1,19.9,315.87,160.00,814,RIGHT
115,THRESH,left,-8.5734,-2.7863,0.84,33.2,0.0,66.4,0.0,21.3,-1211.74,160.00,7919,LEFT
116,THRESH,fallback_forward,0.0000,-2.7863,0.00,33.0,0.0,33.0,33.0,20.5,0.00,160.00,1779,N/A
117,THRESH,left,2.9405,-0.4956,-7.80,34.9,0.0,0.0,69.8,21.8,630.48,160.00,3996,RIGHT
118,THRESH,right,2.5363,0.7172,-7.27,34.8,0.0,0.0,69.6,22.2,565.81,160.00,9569,RIGHT
119,THRESH,right,2.2423,1.3272,-6.56,34.6,0.0,0.0,69.2,21.4,518.76,160.00,14876,RIGHT
120,THRESH,right,3.8621,2.3412,-2.49,33.6,0.0,0.0,67.2,20.3,777.94,160.00,21846,RIGHT
121,THRESH,right,5.9770,3.7955,-1.43,33.3,0.0,0.0,66.7,18.9,1116.32,160.00,20600,RIGHT
122,THRESH,right,2.3524,3.2183,-2.92,33.7,0.0,0.0,67.4,17.6,536.39,160.00,14337,RIGHT
123,THRESH,right,2.0852,2.7650,-3.17,33.8,0.0,0.0,67.6,16.8,493.63,160.00,13169,RIGHT
124,THRESH,right,1.7557,2.3613,-3.63,33.9,0.0,13.0,54.8,17.8,440.91,160.00,12601,RIGHT
125,THRESH,right,1.8391,2.1524,-3.42,33.8,0.0,0.5,67.2,18.8,454.25,160.00,12068,RIGHT
126,THRESH,right,1.7577,1.9945,-3.59,33.9,0.0,0.0,67.8,20.0,441.24,160.00,12057,RIGHT
127,THRESH,right,1.7186,1.8842,-3.61,33.9,0.0,0.0,67.8,19.0,434.98,160.00,11378,RIGHT
128,THRESH,right,2.4351,2.1046,-2.70,33.7,0.0,0.0,67.3,18.2,549.62,160.00,11332,RIGHT
129,THRESH,right,1.0282,1.6740,-6.02,34.5,0.0,7.1,61.8,17.4,324.51,160.00,11040,RIGHT
130,THRESH,right,1.3654,1.5506,-5.19,34.3,0.0,0.0,68.5,16.7,378.47,160.00,11550,RIGHT
131,THRESH,right,1.4280,1.5015,-5.23,34.3,0.0,0.0,68.6,16.1,388.48,160.00,11116,RIGHT
132,THRESH,right,1.5492,1.5206,-5.30,34.3,0.0,0.0,68.6,15.6,407.87,160.00,10797,RIGHT
133,THRESH,right,1.7112,1.5969,-5.27,34.3,0.0,0.0,68.6,15.2,433.80,160.00,10206,RIGHT
134,THRESH,right,1.9004,1.7183,-5.20,34.3,0.0,0.0,68.5,14.8,464.07,160.00,9527,RIGHT
135,THRESH,right,2.1626,1.8960,-5.03,34.2,0.0,0.0,68.5,14.5,506.02,160.00,9691,RIGHT
136,THRESH,right,3.0927,2.3747,-3.42,33.8,0.0,0.0,67.7,14.3,654.83,160.00,9400,RIGHT
137,THRESH,right,2.4963,2.4233,-4.94,34.2,0.0,0.0,68.4,14.1,559.41,160.00,7417,RIGHT
138,THRESH,right,1.4015,2.0146,-14.67,36.6,0.0,7.8,65.4,14.2,384.24,160.00,5406,RIGHT
139,THRESH,right,0.9507,1.5890,-69.30,49.9,0.0,40.6,59.2,14.6,312.11,160.00,3285,RIGHT
140,THRESH,right,0.9688,1.3409,-76.08,51.6,0.0,31.1,72.1,15.5,315.00,160.00,2322,RIGHT
141,THRESH,right,0.9943,1.2023,-80.05,52.6,0.0,27.0,78.1,16.4,319.08,160.00,1313,RIGHT
142,THRESH,right,1.0320,1.1342,-79.07,52.3,0.0,20.0,84.7,17.8,325.12,160.00,564,RIGHT
143,THRESH,fallback_forward,0.0000,1.1342,0.00,33.0,0.0,33.0,33.0,19.5,0.00,160.00,342,N/A
144,THRESH,left,-30.5869,-11.5543,0.24,33.1,0.0,66.1,0.0,20.8,-4733.90,160.00,9143,LEFT
145,THRESH,left,-36.2015,-21.4132,0.20,33.0,0.0,66.1,0.0,19.9,-5632.25,160.00,9406,LEFT
146,THRESH,left,-33.4036,-26.2093,0.22,33.1,0.0,66.1,0.0,19.1,-5184.57,160.00,9048,LEFT
147,THRESH,left,0.9796,-15.3338,-78.01,52.1,0.0,0.0,100.0,18.5,316.74,160.00,1890,RIGHT
148,THRESH,left,0.9530,-8.8191,-69.33,49.9,0.0,0.0,99.9,19.2,312.47,160.00,3239,RIGHT
149,THRESH,left,1.5271,-4.6806,-12.00,35.9,0.0,0.0,71.9,19.5,404.33,160.00,5540,RIGHT
150,THRESH,left,1.0682,-2.3811,-34.89,41.5,0.0,0.0,83.1,19.3,330.91,160.00,4300,RIGHT
151,THRESH,left,0.9442,-1.0510,-76.92,51.8,0.0,0.0,100.0,19.4,311.07,160.00,2782,RIGHT
152,THRESH,left,1.0128,-0.2255,-82.88,53.3,0.0,0.0,100.0,19.8,322.04,160.00,560,RIGHT
153,THRESH,right,1.0128,0.2698,-82.88,53.3,0.0,0.0,100.0,21.4,322.04,160.00,560,RIGHT
154,THRESH,left,-32.7561,-12.9406,0.22,33.1,0.0,66.1,0.0,22.8,-5080.98,160.00,9322,LEFT
155,THRESH,left,-17.0971,-14.6032,0.42,33.1,0.0,66.2,0.0,21.7,-2575.53,160.00,9207,LEFT
156,THRESH,left,-16.6959,-15.4402,0.43,33.1,0.0,66.2,0.0,20.7,-2511.34,160.00,8941,LEFT
157,THRESH,left,-17.0421,-16.0810,0.42,33.1,0.0,66.2,0.0,19.9,-2566.73,160.00,9232,LEFT
158,THRESH,left,-20.7313,-17.9411,0.35,33.1,0.0,66.2,0.0,19.1,-3157.01,160.00,9187,LEFT
159,THRESH,left,-21.4235,-19.3341,0.34,33.1,0.0,66.2,0.0,18.4,-3267.76,160.00,8796,LEFT
160,THRESH,left,0.9764,-11.2099,-78.82,52.3,0.0,0.0,100.0,17.9,316.22,160.00,1873,RIGHT
161,THRESH,left,0.9491,-6.3463,-72.66,50.8,0.0,0.0,100.0,18.9,311.86,160.00,3028,RIGHT
162,THRESH,left,0.9951,-3.4097,-49.33,45.1,0.0,0.0,90.1,19.3,319.22,160.00,4061,RIGHT
163,THRESH,left,1.1486,-1.5864,-26.46,39.5,0.0,0.0,78.9,19.5,343.78,160.00,4574,RIGHT
164,THRESH,left,0.9635,-0.5664,-82.12,53.1,0.0,0.0,100.0,19.5,314.16,160.00,1850,RIGHT
165,THRESH,go,1.0155,0.0663,-82.76,55.2,2.0,0.0,100.0,20.4,322.47,160.00,516,RIGHT
166,THRESH,left,-21.9103,-8.7243,0.33,34.8,1.8,69.7,0.0,22.0,-3345.65,160.00,9048,LEFT
167,THRESH,left,-17.5085,-12.2380,0.40,34.6,1.5,69.3,0.0,21.0,-2641.35,160.00,8993,LEFT
168,THRESH,left,-20.2377,-15.4379,0.35,34.4,1.4,68.9,0.0,20.1,-3078.03,160.00,9135,LEFT
169,THRESH,left,-17.4043,-16.2244,0.41,34.3,1.2,68.6,0.0,19.3,-2624.69,160.00,9109,LEFT
170,THRESH,left,-18.8521,-17.2755,0.38,34.1,1.1,68.3,0.0,18.6,-2856.34,160.00,7138,LEFT
171,THRESH,left,0.9452,-9.9872,-69.47,50.9,0.9,0.0,100.0,18.1,311.22,160.00,3350,RIGHT
172,THRESH,left,2.4231,-5.0231,-5.21,35.1,0.8,0.0,70.2,18.6,547.70,160.00,6628,RIGHT
173,THRESH,left,5.0186,-1.0064,-1.97,34.2,0.7,0.0,68.4,18.3,962.97,160.00,8821,RIGHT
174,THRESH,right,3.6309,0.8485,-2.97,34.4,0.6,0.0,68.7,17.8,740.94,160.00,7143,RIGHT
175,THRESH,right,1.4823,1.1020,-12.96,36.7,0.6,0.0,73.5,17.5,397.17,160.00,4792,RIGHT
176,THRESH,right,0.9417,1.0379,-82.12,53.6,0.5,20.1,87.1,17.6,310.68,160.00,2358,RIGHT
177,THRESH,right,0.9799,1.0147,-84.12,54.0,0.4,16.4,91.5,18.4,316.79,160.00,1229,RIGHT
178,THRESH,left,-21.7361,-8.0856,0.33,33.5,0.4,66.9,0.0,19.4,-3317.77,160.00,8656,LEFT
179,THRESH,left,-24.5242,-14.6610,0.29,33.4,0.3,66.8,0.0,18.7,-3763.87,160.00,9305,LEFT
180,THRESH,left,-30.1975,-20.8756,0.23,33.4,0.3,66.7,0.0,18.0,-4671.60,160.00,9219,LEFT
181,THRESH,left,-29.2110,-24.2098,0.24,33.3,0.3,66.6,0.0,17.5,-4513.76,160.00,9251,LEFT
182,THRESH,left,1.0408,-14.1095,-76.24,51.9,0.2,0.0,100.0,16.9,326.53,160.00,579,RIGHT
183,THRESH,left,0.9755,-8.0755,-77.07,52.0,0.2,0.0,100.0,18.9,316.07,160.00,2000,RIGHT
184,THRESH,left,0.9593,-4.4616,-61.80,48.3,0.2,0.0,96.6,19.9,313.48,160.00,3636,RIGHT
185,THRESH,left,0.9762,-2.2865,-53.32,46.2,0.2,0.0,92.4,20.2,316.19,160.00,4022,RIGHT
186,THRESH,left,0.9756,-0.9817,-75.61,51.6,0.1,0.0,100.0,20.3,316.09,160.00,2051,RIGHT
187,THRESH,left,1.0104,-0.1848,-78.03,52.2,0.1,0.0,100.0,21.1,321.66,160.00,498,RIGHT
188,THRESH,left,-42.1741,-16.9806,0.17,33.1,0.1,66.3,0.0,22.6,-6587.86,160.00,8763,LEFT
189,THRESH,left,-47.8126,-29.3134,0.15,33.1,0.1,66.3,0.0,21.6,-7490.01,160.00,9132,LEFT
190,THRESH,left,-26.9852,-28.3821,0.26,33.1,0.1,66.3,0.0,20.7,-4157.63,160.00,8937,LEFT
191,THRESH,left,-42.4632,-34.0145,0.17,33.1,0.1,66.2,0.0,19.9,-6634.12,160.00,8420,LEFT
192,THRESH,left,-41.4180,-36.9759,0.17,33.1,0.1,66.2,0.0,19.2,-6466.89,160.00,8897,LEFT
193,THRESH,left,-46.0158,-40.5919,0.15,33.1,0.1,66.2,0.0,18.5,-7202.52,160.00,9096,LEFT
194,THRESH,left,-32.2174,-37.2421,0.22,33.1,0.0,66.2,0.0,17.9,-4994.78,160.00,8879,LEFT
195,THRESH,left,-33.1296,-35.5971,0.22,33.1,0.0,66.2,0.0,17.3,-5140.74,160.00,8447,LEFT
196,THRESH,left,-24.0011,-30.9587,0.30,33.1,0.0,66.2,0.0,16.8,-3680.17,160.00,8837,LEFT
197,THRESH,left,-23.5183,-27.9825,0.31,33.1,0.0,66.2,0.0,16.4,-3602.92,160.00,8700,LEFT
198,THRESH,left,-34.5271,-30.6003,0.22,33.1,0.0,66.2,0.0,16.0,-5364.33,160.00,8500,LEFT
199,THRESH,left,-27.6907,-29.4365,0.27,33.1,0.0,66.2,0.0,15.7,-4270.51,160.00,8886,LEFT
200,THRESH,left,-38.1900,-32.9379,0.20,33.1,0.0,66.1,0.0,15.3,-5950.40,160.00,8870,LEFT
201,THRESH,left,-42.9011,-36.9232,0.18,33.1,0.0,66.1,0.0,15.1,-6704.18,160.00,8599,LEFT
202,THRESH,left,-46.9422,-40.9308,0.16,33.1,0.0,66.1,0.0,14.8,-7350.75,160.00,8705,LEFT
203,THRESH,left,0.8835,-24.2051,69.98,50.1,0.0,0.0,100.0,14.6,301.35,160.00,1145,RIGHT
204,THRESH,left,0.8341,-14.1894,64.13,48.7,0.0,0.0,97.4,16.1,293.46,160.00,1998,RIGHT
205,THRESH,left,0.7061,-8.2312,41.69,43.2,0.0,0.0,86.4,17.0,272.97,160.00,3055,RIGHT
206,THRESH,left,0.8267,-4.6081,61.32,48.0,0.0,0.0,96.0,17.5,292.27,160.00,1929,RIGHT
207,THRESH,left,-35.2063,-16.8473,0.21,33.1,0.0,66.1,0.0,18.3,-5473.00,160.00,7375,LEFT
208,THRESH,left,-43.7076,-27.5915,0.17,33.1,0.0,66.1,0.0,17.8,-6833.22,160.00,8672,LEFT
209,THRESH,left,-28.2120,-27.8397,0.27,33.1,0.0,66.1,0.0,17.3,-4353.92,160.00,8969,LEFT
210,THRESH,left,-28.6394,-28.1596,0.27,33.1,0.0,66.1,0.0,16.8,-4422.30,160.00,8765,LEFT
211,THRESH,left,-27.4865,-27.8903,0.28,33.1,0.0,66.1,0.0,16.4,-4237.84,160.00,8757,LEFT
212,THRESH,left,-25.3473,-26.8731,0.30,33.1,0.0,66.2,0.0,16.0,-3895.56,160.00,9125,LEFT
213,THRESH,left,-31.3454,-28.6620,0.24,33.1,0.0,66.1,0.0,15.7,-4855.26,160.00,9122,LEFT
214,THRESH,left,0.9609,-16.8129,80.35,52.6,0.0,0.0,100.0,15.3,313.74,160.00,280,RIGHT
215,THRESH,left,0.9216,-9.7191,80.40,52.7,0.0,0.0,100.0,17.6,307.45,160.00,1129,RIGHT
216,THRESH,left,0.8680,-5.4843,76.19,51.6,0.0,0.0,100.0,19.0,298.88,160.00,2219,RIGHT
217,THRESH,left,0.8739,-2.9410,74.72,51.3,0.0,0.0,100.0,19.8,299.82,160.00,1911,RIGHT
218,THRESH,left,0.9511,-1.3842,80.32,52.6,0.0,0.0,100.0,20.7,312.18,160.00,421,RIGHT
219,THRESH,left,-28.7066,-12.3131,0.27,33.1,0.0,66.1,0.0,22.3,-4433.05,160.00,8980,LEFT
220,THRESH,left,-35.9744,-21.7776,0.21,33.1,0.0,66.1,0.0,21.3,-5595.91,160.00,9075,LEFT
221,THRESH,left,-28.7592,-24.5703,0.27,33.1,0.0,66.1,0.0,20.4,-4441.47,160.00,9201,LEFT
222,THRESH,left,-28.7323,-26.2351,0.26,33.1,0.0,66.1,0.0,19.6,-4437.18,160.00,9364,LEFT
223,THRESH,left,-34.4969,-29.5398,0.22,33.1,0.0,66.1,0.0,18.9,-5359.51,160.00,8987,LEFT
224,THRESH,left,-31.8574,-30.4668,0.24,33.1,0.0,66.1,0.0,18.2,-4937.18,160.00,8814,LEFT
225,THRESH,left,-25.3987,-28.4396,0.30,33.1,0.0,66.1,0.0,17.7,-3903.79,160.00,8985,LEFT
226,THRESH,left,-19.2295,-24.7556,0.39,33.1,0.0,66.2,0.0,17.2,-2916.73,160.00,8497,LEFT
227,THRESH,left,0.8881,-14.4981,82.94,53.3,0.0,0.0,100.0,16.8,302.09,160.00,2312,RIGHT
228,THRESH,left,0.7833,-8.3855,61.92,48.1,0.0,0.0,96.3,17.7,285.33,160.00,3491,RIGHT
229,THRESH,left,-2.0858,-5.8657,2.90,33.7,0.0,35.5,31.9,18.1,-173.73,160.00,5737,LEFT
230,THRESH,left,0.7015,-3.2388,42.94,43.5,0.0,0.0,87.0,18.0,272.23,160.00,3549,RIGHT
231,THRESH,left,0.9185,-1.5759,82.83,53.2,0.0,0.0,100.0,18.3,306.96,160.00,1470,RIGHT
232,THRESH,left,0.9663,-0.5590,84.61,53.7,0.0,0.0,100.0,19.3,314.60,160.00,382,RIGHT
233,THRESH,left,-20.4733,-8.5247,0.37,33.1,0.0,66.2,0.0,20.8,-3115.73,160.00,9018,LEFT
234,THRESH,left,-29.6053,-16.9570,0.26,33.1,0.0,66.1,0.0,20.0,-4576.85,160.00,9310,LEFT
235,THRESH,left,-28.4996,-21.5740,0.27,33.1,0.0,66.1,0.0,19.2,-4399.94,160.00,8936,LEFT
236,THRESH,left,-27.8654,-24.0906,0.27,33.1,0.0,66.1,0.0,18.5,-4298.47,160.00,9470,LEFT
237,THRESH,left,-29.1544,-26.1161,0.26,33.1,0.0,66.1,0.0,17.9,-4504.70,160.00,9371,LEFT
238,THRESH,left,-22.0230,-24.4788,0.34,33.1,0.0,66.2,0.0,17.4,-3363.67,160.00,9052,LEFT
239,THRESH,left,-16.8871,-21.4421,0.44,33.1,0.0,66.2,0.0,16.9,-2541.93,160.00,7961,LEFT
240,THRESH,left,0.8939,-12.5077,87.35,54.4,0.0,0.0,100.0,16.6,303.03,160.00,2556,RIGHT
241,THRESH,left,0.6660,-7.2382,38.03,42.3,0.0,0.0,84.6,17.5,266.57,160.00,3809,RIGHT
242,THRESH,left,-6.8773,-7.0939,1.09,33.3,0.0,66.5,0.0,17.8,-940.37,160.00,5770,LEFT
243,THRESH,left,0.7106,-3.9721,45.15,44.0,0.0,0.0,88.1,17.7,273.70,160.00,3681,RIGHT
244,THRESH,left,0.9138,-2.0177,85.77,54.0,0.0,0.0,100.0,18.2,306.22,160.00,1891,RIGHT
245,THRESH,left,0.9361,-0.8362,87.44,54.4,0.0,0.0,100.0,19.1,309.78,160.00,1459,RIGHT
246,THRESH,left,0.9328,-0.1286,87.10,54.3,0.0,0.0,100.0,20.1,309.24,160.00,1514,RIGHT
247,THRESH,right,0.9664,0.3094,86.77,54.2,0.0,0.0,100.0,20.8,314.62,160.00,604,RIGHT
248,THRESH,left,-15.2199,-5.9023,0.49,33.1,0.0,66.2,0.0,22.1,-2275.18,160.00,9208,LEFT
249,THRESH,left,-25.4393,-13.7171,0.30,33.1,0.0,66.1,0.0,21.1,-3910.29,160.00,9042,LEFT
250,THRESH,left,-23.2873,-17.5452,0.33,33.1,0.0,66.2,0.0,20.2,-3565.96,160.00,9487,LEFT
251,THRESH,left,-29.3217,-22.2558,0.26,33.1,0.0,66.1,0.0,19.4,-4531.47,160.00,9468,LEFT
252,THRESH,left,-19.7468,-21.2522,0.38,33.1,0.0,66.2,0.0,18.6,-2999.49,160.00,9289,LEFT
253,THRESH,left,-16.3808,-19.3036,0.46,33.1,0.0,66.2,0.0,18.0,-2460.92,160.00,9287,LEFT
254,THRESH,left,-17.1566,-18.4448,0.44,33.1,0.0,66.2,0.0,17.4,-2585.05,160.00,9402,LEFT
255,THRESH,left,0.8966,-10.7082,-88.13,54.5,0.0,0.0,100.0,16.9,303.46,160.00,2887,RIGHT
256,THRESH,left,2.3889,-5.4694,-5.44,34.3,0.0,0.0,68.7,17.5,542.22,160.00,4273,RIGHT
257,THRESH,right,22.7252,5.8084,-0.38,33.1,0.0,0.0,66.2,17.8,3796.03,160.00,6498,RIGHT
258,THRESH,right,-6.0727,1.0560,1.22,33.3,0.0,66.6,0.0,17.6,-811.63,160.00,4834,LEFT
259,THRESH,right,0.8590,0.9772,85.43,53.9,0.0,24.3,83.5,17.7,297.44,160.00,3346,RIGHT
260,THRESH,right,0.9778,0.9774,89.08,54.8,0.0,14.6,95.0,18.3,316.45,160.00,544,RIGHT
261,THRESH,right,0.9855,0.9807,89.45,54.9,0.0,13.9,95.9,20.0,317.69,160.00,408,RIGHT
262,THRESH,right,0.9828,0.9815,88.98,54.8,0.0,14.3,95.2,21.7,317.25,160.00,431,RIGHT
263,THRESH,right,0.9828,0.9821,88.98,54.8,0.0,14.3,95.2,23.2,317.25,160.00,431,RIGHT
264,THRESH,left,-13.9138,-4.9763,0.53,33.1,0.0,66.3,0.0,24.6,-2066.20,160.00,9467,LEFT
265,THRESH,left,-15.8378,-9.3209,0.47,33.1,0.0,66.2,0.0,23.3,-2374.05,160.00,9441,LEFT
266,THRESH,left,-22.9141,-14.7582,0.33,33.1,0.0,66.2,0.0,22.2,-3506.25,160.00,9122,LEFT
267,THRESH,left,-16.1054,-15.2970,0.46,33.1,0.0,66.2,0.0,21.2,-2416.86,160.00,9492,LEFT
268,THRESH,left,-15.8182,-15.5055,0.47,33.1,0.0,66.2,0.0,20.3,-2370.92,160.00,9489,LEFT
269,THRESH,left,-18.2157,-16.5896,0.41,33.1,0.0,66.2,0.0,19.5,-2754.51,160.00,9230,LEFT
270,THRESH,left,0.8959,-9.5954,-86.86,54.2,0.0,0.0,100.0,18.8,303.35,160.00,3006,RIGHT
271,THRESH,left,2.7778,-4.6461,-4.35,34.1,0.0,0.0,68.1,19.2,604.45,160.00,4240,RIGHT
272,THRESH,right,16.8583,3.9556,-0.52,33.1,0.0,0.0,66.3,19.3,2857.33,160.00,6680,RIGHT
273,THRESH,go,-5.9001,0.0133,1.25,33.3,0.0,66.6,0.0,18.9,-784.02,160.00,4901,LEFT
274,THRESH,right,0.9231,0.3773,88.07,54.5,0.0,0.0,100.0,18.8,307.70,160.00,1869,RIGHT
275,THRESH,right,0.9720,0.6152,87.87,54.5,0.0,0.0,100.0,19.8,315.53,160.00,578,RIGHT
276,THRESH,left,-15.9877,-6.0260,0.47,33.1,0.0,66.2,0.0,21.5,-2398.03,160.00,9388,LEFT
277,THRESH,left,-17.0074,-10.4185,0.44,33.1,0.0,66.2,0.0,20.5,-2561.19,160.00,9585,LEFT
278,THRESH,left,-18.4676,-13.6382,0.41,33.1,0.0,66.2,0.0,19.7,-2794.82,160.00,8973,LEFT
279,THRESH,left,-15.8751,-14.5329,0.47,33.1,0.0,66.2,0.0,19.0,-2380.01,160.00,9262,LEFT
280,THRESH,left,-15.2973,-14.8387,0.49,33.1,0.0,66.2,0.0,18.3,-2287.57,160.00,9370,LEFT
281,THRESH,left,0.8916,-8.5466,-87.99,54.5,0.0,0.0,100.0,17.7,302.66,160.00,3026,RIGHT
282,THRESH,left,3.6276,-3.6769,-3.02,33.7,0.0,0.0,67.5,18.3,740.41,160.00,4410,RIGHT
283,THRESH,right,22.2294,6.6856,-0.39,33.1,0.0,0.0,66.2,18.4,3716.71,160.00,6451,RIGHT
284,THRESH,right,-2.1513,3.1509,2.81,33.7,0.0,67.4,0.0,18.2,-184.21,160.00,4378,LEFT
285,THRESH,right,0.8808,2.2428,86.45,54.1,0.0,78.5,29.7,18.3,300.93,160.00,2840,RIGHT
286,THRESH,left,-14.1493,-4.3140,0.53,33.1,0.0,66.3,0.0,18.8,-2103.89,160.00,8582,LEFT
287,THRESH,left,0.9667,-2.2018,87.82,54.5,0.0,0.0,100.0,18.2,314.66,160.00,730,RIGHT
288,THRESH,left,0.9408,-0.9447,87.96,54.5,0.0,0.0,100.0,19.6,310.53,160.00,1421,RIGHT
289,THRESH,left,0.9149,-0.2009,88.95,54.7,0.0,0.0,100.0,20.4,306.39,160.00,2171,RIGHT
290,THRESH,right,0.9180,0.2467,86.55,54.2,0.0,0.0,100.0,20.9,306.87,160.00,1853,RIGHT
291,THRESH,left,-14.8103,-5.7761,0.50,33.1,0.0,66.2,0.0,21.7,-2209.65,160.00,8459,LEFT
292,THRESH,left,-13.4421,-8.8425,0.55,33.1,0.0,66.3,0.0,20.9,-1990.74,160.00,9315,LEFT
293,THRESH,left,-23.5544,-14.7273,0.32,33.1,0.0,66.2,0.0,20.0,-3608.70,160.00,9165,LEFT
294,THRESH,left,-16.3209,-15.3647,0.46,33.1,0.0,66.2,0.0,19.2,-2451.34,160.00,9281,LEFT
295,THRESH,left,-13.5615,-14.6434,0.55,33.1,0.0,66.3,0.0,18.5,-2009.84,160.00,9247,LEFT
296,THRESH,left,0.9626,-8.4010,-78.46,52.2,0.0,0.0,100.0,17.9,314.01,160.00,2252,RIGHT
297,THRESH,left,0.9914,-4.6441,-50.31,45.3,0.0,0.0,90.6,18.8,318.62,160.00,4029,RIGHT
298,THRESH,left,2.3767,-1.8357,-5.36,34.3,0.0,0.0,68.6,18.9,540.28,160.00,6714,RIGHT
299,THRESH,go,2.8149,0.0245,-4.20,34.0,0.0,0.0,68.1,18.5,610.39,160.00,6385,RIGHT
300,THRESH,right,0.9685,0.4021,-55.93,46.7,0.0,0.0,93.3,18.2,314.96,160.00,3888,RIGHT
301,THRESH,right,0.9860,0.6357,-82.34,53.1,0.0,0.0,100.0,18.5,317.76,160.00,1302,RIGHT
302,THRESH,fallback_forward,0.0000,0.6357,0.00,33.0,0.0,33.0,33.0,19.8,0.00,160.00,429,N/A
303,THRESH,left,-18.1427,-6.8757,0.41,33.1,0.0,66.2,0.0,21.8,-2742.83,160.00,9441,LEFT
304,THRESH,left,-21.2748,-12.6353,0.36,33.1,0.0,66.2,0.0,20.8,-3243.97,160.00,9393,LEFT
305,THRESH,left,-20.1101,-15.6252,0.37,33.1,0.0,66.2,0.0,20.0,-3057.61,160.00,9420,LEFT
306,THRESH,left,-21.6945,-18.0529,0.35,33.1,0.0,66.2,0.0,19.2,-3311.12,160.00,9207,LEFT
307,THRESH,left,0.9481,-10.4525,-71.08,50.4,0.0,0.0,100.0,18.5,311.69,160.00,3185,RIGHT
308,THRESH,left,1.9137,-5.5060,-7.67,34.9,0.0,0.0,69.7,18.8,466.19,160.00,6167,RIGHT
309,THRESH,left,3.5498,-1.8837,-3.04,33.7,0.0,0.0,67.5,18.5,727.96,160.00,7907,RIGHT
310,THRESH,left,2.2873,-0.2153,-5.72,34.4,0.0,0.0,68.8,18.1,525.97,160.00,6068,RIGHT
311,THRESH,right,0.9688,0.2583,-55.41,46.5,0.0,0.0,93.1,18.0,315.00,160.00,3910,RIGHT
312,THRESH,right,0.9396,0.5308,-77.74,52.0,0.0,0.0,100.0,18.2,310.34,160.00,2796,RIGHT
313,THRESH,right,1.0162,0.7250,-83.73,53.5,0.0,0.0,100.0,18.7,322.59,160.00,403,RIGHT
314,THRESH,left,-23.6049,-9.0070,0.32,33.1,0.0,66.2,0.0,20.6,-3616.79,160.00,9250,LEFT
315,THRESH,left,-23.8601,-14.9482,0.32,33.1,0.0,66.2,0.0,19.8,-3657.62,160.00,9707,LEFT
316,THRESH,left,-25.8346,-19.3028,0.29,33.1,0.0,66.1,0.0,19.0,-3973.54,160.00,9171,LEFT
317,THRESH,left,-28.7041,-23.0633,0.26,33.1,0.0,66.1,0.0,18.2,-4432.66,160.00,9396,LEFT
318,THRESH,left,-23.2090,-23.1216,0.32,33.1,0.0,66.2,0.0,17.5,-3553.45,160.00,9115,LEFT
319,THRESH,left,0.9443,-13.4953,-67.04,49.4,0.0,0.0,98.8,16.9,311.08,160.00,3533,RIGHT
320,THRESH,left,2.1732,-7.2279,-6.20,34.5,0.0,0.0,69.0,17.4,507.71,160.00,6151,RIGHT
321,THRESH,left,4.4124,-2.5718,-2.31,33.6,0.0,0.0,67.1,17.3,865.98,160.00,8069,RIGHT
322,THRESH,left,2.7976,-0.4240,-4.24,34.0,0.0,0.0,68.1,17.0,607.62,160.00,6098,RIGHT
323,THRESH,right,0.9311,0.1180,-68.36,49.7,0.0,0.0,99.4,17.0,308.98,160.00,3629,RIGHT
324,THRESH,right,0.9388,0.4463,-82.76,53.2,0.0,0.0,100.0,17.4,310.20,160.00,2360,RIGHT
325,THRESH,right,0.9744,0.6575,-85.33,53.9,0.0,0.0,100.0,18.1,315.90,160.00,1252,RIGHT
326,THRESH,left,-25.1735,-9.6749,0.30,33.1,0.0,66.1,0.0,19.4,-3867.76,160.00,9113,LEFT
327,THRESH,left,-27.8518,-16.9457,0.27,33.1,0.0,66.1,0.0,18.7,-4296.29,160.00,9138,LEFT
328,THRESH,left,-23.2923,-19.4843,0.32,33.1,0.0,66.2,0.0,18.1,-3566.77,160.00,9189,LEFT
329,THRESH,left,-27.3325,-22.6236,0.27,33.1,0.0,66.1,0.0,17.5,-4213.20,160.00,9021,LEFT
330,THRESH,left,-24.6191,-23.4218,0.30,33.1,0.0,66.1,0.0,17.0,-3779.06,160.00,9150,LEFT
331,THRESH,left,0.9818,-13.6604,-86.11,54.0,0.0,0.0,100.0,16.5,317.09,160.00,975,RIGHT
332,THRESH,left,0.9345,-7.8224,-84.65,53.7,0.0,0.0,100.0,18.1,309.52,160.00,2288,RIGHT
333,THRESH,left,1.8452,-3.9554,-8.33,35.0,0.0,0.0,70.1,18.7,455.23,160.00,4810,RIGHT
334,THRESH,left,2.3155,-1.4470,-5.70,34.4,0.0,0.0,68.8,18.6,530.48,160.00,4631,RIGHT
335,THRESH,left,0.9481,-0.4890,-88.95,54.7,0.0,0.0,100.0,18.6,311.69,160.00,1512,RIGHT
336,THRESH,left,-28.2509,-11.5938,0.26,33.1,0.0,66.1,0.0,19.2,-4360.15,160.00,9339,LEFT
337,THRESH,left,-24.5610,-16.7807,0.30,33.1,0.0,66.1,0.0,18.5,-3769.76,160.00,9325,LEFT
338,THRESH,left,-24.8372,-20.0033,0.30,33.1,0.0,66.1,0.0,17.8,-3813.96,160.00,9014,LEFT
339,THRESH,left,-22.1766,-20.8726,0.33,33.1,0.0,66.2,0.0,17.3,-3388.25,160.00,9114,LEFT
340,THRESH,left,-23.4074,-21.8865,0.31,33.1,0.0,66.2,0.0,16.8,-3585.18,160.00,9212,LEFT
341,THRESH,left,-19.7000,-21.0119,0.37,33.1,0.0,66.2,0.0,16.3,-2991.99,160.00,8999,LEFT
342,THRESH,left,0.9044,-12.2454,74.49,51.2,0.0,0.0,100.0,16.0,304.71,160.00,834,RIGHT
343,THRESH,left,0.7279,-7.0561,27.63,39.8,0.0,0.0,79.5,17.6,276.47,160.00,1083,RIGHT
344,THRESH,left,0.4829,-4.0405,13.09,36.2,0.0,0.0,72.4,18.9,237.26,160.00,1465,RIGHT
345,THRESH,left,0.4251,-2.2542,9.12,35.2,0.0,0.0,70.5,19.7,228.02,160.00,1266,RIGHT
346,THRESH,left,-19.4802,-9.1446,0.37,33.1,0.0,66.2,0.0,20.4,-2956.83,160.00,8730,LEFT
347,THRESH,left,-21.7277,-14.1778,0.34,33.1,0.0,66.2,0.0,19.7,-3316.43,160.00,9486,LEFT
348,THRESH,left,-19.8312,-16.4392,0.37,33.1,0.0,66.2,0.0,18.9,-3012.99,160.00,9038,LEFT
349,THRESH,left,-18.7839,-17.3770,0.39,33.1,0.0,66.2,0.0,18.3,-2845.42,160.00,9176,LEFT
350,THRESH,left,-15.5249,-16.6362,0.47,33.1,0.0,66.2,0.0,17.7,-2323.98,160.00,9397,LEFT
351,THRESH,left,-14.2198,-15.6696,0.51,33.1,0.0,66.2,0.0,17.1,-2115.17,160.00,9426,LEFT
352,THRESH,left,-15.3371,-15.5366,0.48,33.1,0.0,66.2,0.0,16.6,-2293.94,160.00,9593,LEFT
353,THRESH,left,-10.7272,-13.6128,0.67,33.2,0.0,66.3,0.0,16.2,-1556.35,160.00,9602,LEFT
354,THRESH,left,-11.7657,-12.8740,0.61,33.1,0.0,66.3,0.0,15.7,-1722.51,160.00,10078,LEFT
355,THRESH,left,-10.6597,-11.9883,0.67,33.2,0.0,66.3,0.0,15.3,-1545.56,160.00,9779,LEFT
356,THRESH,left,-8.7473,-10.6919,0.82,33.2,0.0,66.4,0.0,14.9,-1239.57,160.00,9537,LEFT
357,THRESH,left,-8.4328,-9.7883,0.85,33.2,0.0,66.4,0.0,14.6,-1189.25,160.00,9119,LEFT
358,THRESH,left,-9.8958,-9.8313,0.73,33.2,0.0,66.4,0.0,14.4,-1423.33,160.00,9290,LEFT
359,THRESH,left,-10.7677,-10.2058,0.67,33.2,0.0,66.3,0.0,14.2,-1562.82,160.00,8965,LEFT
360,THRESH,left,-11.5054,-10.7257,0.63,33.2,0.0,66.3,0.0,14.0,-1680.86,160.00,8887,LEFT
361,THRESH,left,-13.6238,-11.8849,0.53,33.1,0.0,66.3,0.0,13.8,-2019.81,160.00,8684,LEFT
362,THRESH,left,-13.5444,-12.5487,0.54,33.1,0.0,66.3,0.0,13.7,-2007.10,160.00,8184,LEFT
363,THRESH,left,-13.3448,-12.8672,0.54,33.1,0.0,66.3,0.0,13.7,-1975.17,160.00,8335,LEFT
364,THRESH,left,-12.8622,-12.8652,0.56,33.1,0.0,66.3,0.0,13.7,-1897.95,160.00,8165,LEFT
365,THRESH,left,-10.9578,-12.1022,0.65,33.2,0.0,66.3,0.0,13.6,-1593.25,160.00,8012,LEFT
366,THRESH,left,-12.3304,-12.1935,0.58,33.1,0.0,66.3,0.0,13.6,-1812.87,160.00,8210,LEFT
367,THRESH,left,-9.7807,-11.2284,0.73,33.2,0.0,66.4,0.0,13.6,-1404.91,160.00,7509,LEFT
368,THRESH,left,-8.0189,-9.9446,0.88,33.2,0.0,66.4,0.0,13.7,-1123.03,160.00,7317,LEFT
369,THRESH,left,0.8745,-5.6170,69.05,49.9,0.0,0.0,99.8,13.8,299.92,160.00,1303,RIGHT
370,THRESH,left,0.8266,-3.0395,62.17,48.2,0.0,0.0,96.4,15.4,292.26,160.00,2019,RIGHT
371,THRESH,left,0.7450,-1.5257,48.21,44.8,0.0,0.0,89.6,16.6,279.19,160.00,2888,RIGHT
372,THRESH,left,0.7549,-0.6135,49.51,45.1,0.0,0.0,90.2,17.2,280.79,160.00,2724,RIGHT
373,THRESH,left,-9.3465,-4.1067,0.76,33.2,0.0,66.4,0.0,17.8,-1335.44,160.00,7814,LEFT
374,THRESH,left,-10.2978,-6.5831,0.70,33.2,0.0,66.3,0.0,17.4,-1487.65,160.00,7885,LEFT
375,THRESH,left,-10.9642,-8.3356,0.65,33.2,0.0,66.3,0.0,17.0,-1594.28,160.00,8027,LEFT
376,THRESH,left,-9.9444,-8.9791,0.72,33.2,0.0,66.4,0.0,16.6,-1431.10,160.00,7775,LEFT
377,THRESH,left,-9.5747,-9.2173,0.74,33.2,0.0,66.4,0.0,16.4,-1371.95,160.00,7882,LEFT
378,THRESH,left,-9.8308,-9.4627,0.74,33.2,0.0,66.4,0.0,16.0,-1412.92,160.00,7972,LEFT
379,THRESH,left,-14.0371,-11.2925,0.52,33.1,0.0,66.3,0.0,15.8,-2085.94,160.00,8350,LEFT
380,THRESH,left,-16.4245,-13.3453,0.45,33.1,0.0,66.2,0.0,15.5,-2467.92,160.00,8193,LEFT
381,THRESH,left,0.9476,-7.6282,80.59,52.7,0.0,0.0,100.0,15.3,311.61,160.00,499,RIGHT
382,THRESH,left,0.9088,-4.2134,80.43,52.7,0.0,0.0,100.0,17.3,305.41,160.00,1488,RIGHT
383,THRESH,left,0.8369,-2.1933,70.58,50.3,0.0,0.0,100.0,18.6,293.91,160.00,2622,RIGHT
384,THRESH,left,0.8723,-0.9671,74.49,51.2,0.0,0.0,100.0,19.3,299.56,160.00,1953,RIGHT
385,THRESH,left,0.9515,-0.1996,80.52,52.7,0.0,0.0,100.0,20.2,312.24,160.00,427,RIGHT
386,THRESH,left,-26.0433,-10.5371,0.29,33.1,0.0,66.1,0.0,21.8,-4006.93,160.00,8262,LEFT
387,THRESH,left,-17.3164,-13.2488,0.44,33.1,0.0,66.2,0.0,20.9,-2610.63,160.00,8208,LEFT
388,THRESH,left,-11.0693,-12.3770,0.65,33.2,0.0,66.3,0.0,20.1,-1611.09,160.00,7651,LEFT
389,THRESH,left,-12.8806,-12.5784,0.57,33.1,0.0,66.3,0.0,19.6,-1900.89,160.00,7891,LEFT
390,THRESH,left,-29.2915,-19.2637,0.26,33.1,0.0,66.1,0.0,18.9,-4526.64,160.00,8411,LEFT
391,THRESH,left,-42.7262,-28.6487,0.18,33.0,0.0,66.1,0.0,18.3,-6676.20,160.00,8408,LEFT
392,THRESH,left,-36.8415,-31.9258,0.21,33.1,0.0,66.1,0.0,17.8,-5734.64,160.00,8843,LEFT
393,THRESH,left,-39.2462,-34.8540,0.20,33.0,0.0,66.1,0.0,17.1,-6119.40,160.00,8742,LEFT
394,THRESH,left,0.8985,-20.5530,83.29,53.4,0.0,0.0,100.0,16.7,303.76,160.00,2070,RIGHT
395,THRESH,left,0.8412,-11.9953,76.80,51.8,0.0,0.0,100.0,17.7,294.59,160.00,3126,RIGHT
396,THRESH,left,-0.0080,-7.2004,9.78,35.4,0.0,0.0,70.8,18.2,158.72,160.00,4313,LEFT
397,THRESH,left,0.8306,-3.9880,71.77,50.5,0.0,0.0,100.0,18.3,292.90,160.00,2969,RIGHT
398,THRESH,left,0.9328,-2.0197,82.56,53.2,0.0,0.0,100.0,18.6,309.26,160.00,1055,RIGHT
399,THRESH,left,-43.3372,-18.5467,0.18,33.0,0.0,66.1,0.0,19.8,-6773.95,160.00,8910,LEFT
400,THRESH,left,-49.8503,-31.0681,0.16,33.0,0.0,66.1,0.0,19.1,-7816.05,160.00,8860,LEFT
401,THRESH,left,-78.8018,-50.1616,0.10,33.0,0.0,66.0,0.0,18.4,-12448.28,160.00,8804,LEFT
402,THRESH,left,-34.1913,-43.7735,0.23,33.1,0.0,66.1,0.0,17.9,-5310.61,160.00,8901,LEFT
403,THRESH,left,-44.3771,-44.0149,0.17,33.0,0.0,66.1,0.0,17.3,-6940.33,160.00,8825,LEFT
404,THRESH,left,-63.7081,-51.8922,0.12,33.0,0.0,66.1,0.0,16.9,-10033.29,160.00,8982,LEFT
405,THRESH,left,-45.5598,-49.3592,0.17,33.0,0.0,66.1,0.0,16.5,-7129.58,160.00,9068,LEFT
406,THRESH,left,0.9626,-29.2305,87.98,54.5,0.0,0.0,100.0,16.1,314.01,160.00,846,RIGHT
407,THRESH,left,0.9186,-17.1709,87.76,54.5,0.0,0.0,100.0,17.7,306.97,160.00,1962,RIGHT
408,THRESH,left,0.8540,-9.9609,83.25,53.3,0.0,0.0,100.0,18.6,296.63,160.00,3326,RIGHT
409,THRESH,left,0.8608,-5.6322,81.51,52.9,0.0,0.0,100.0,18.9,297.73,160.00,2968,RIGHT
410,THRESH,left,0.9370,-3.0045,85.39,53.9,0.0,0.0,100.0,19.4,309.92,160.00,1239,RIGHT
411,THRESH,left,-41.7024,-18.4837,0.18,33.0,0.0,66.1,0.0,20.5,-6512.38,160.00,9152,LEFT
412,THRESH,left,-42.4521,-28.0710,0.18,33.0,0.0,66.1,0.0,19.5,-6632.34,160.00,9013,LEFT
413,THRESH,left,-36.1056,-31.2849,0.21,33.1,0.0,66.1,0.0,18.7,-5616.90,160.00,8616,LEFT
414,THRESH,left,-42.2732,-35.6802,0.18,33.0,0.0,66.1,0.0,18.1,-6603.71,160.00,8911,LEFT
415,THRESH,left,-40.3602,-37.5522,0.19,33.0,0.0,66.1,0.0,17.5,-6297.64,160.00,8977,LEFT
416,THRESH,left,-52.0710,-43.3597,0.15,33.0,0.0,66.1,0.0,17.0,-8171.36,160.00,9049,LEFT
417,THRESH,left,-30.3985,-38.1752,0.25,33.1,0.0,66.1,0.0,16.5,-4703.76,160.00,8532,LEFT
418,THRESH,left,0.8542,-22.5634,88.83,54.7,0.0,0.0,100.0,16.1,296.67,160.00,3745,RIGHT
419,THRESH,left,0.8063,-13.2156,0.00,33.0,0.0,0.0,66.0,16.6,289.00,160.00,5060,RIGHT
420,THRESH,left,0.7188,-7.6418,0.00,33.0,0.0,0.0,66.0,16.7,275.00,160.00,7280,RIGHT
421,THRESH,left,-4.3297,-6.3170,1.63,33.4,0.0,66.8,0.0,16.4,-532.76,160.00,5269,LEFT
422,THRESH,left,0.8973,-3.4313,86.02,54.0,0.0,0.0,100.0,16.4,303.56,160.00,2376,RIGHT
423,THRESH,left,-38.1654,-17.3249,0.20,33.0,0.0,66.1,0.0,17.2,-5946.46,160.00,9017,LEFT
424,THRESH,left,-35.4925,-24.5919,0.21,33.1,0.0,66.1,0.0,16.8,-5518.79,160.00,8977,LEFT
425,THRESH,left,-43.0369,-31.9699,0.17,33.0,0.0,66.1,0.0,16.3,-6725.90,160.00,9133,LEFT
426,THRESH,left,-46.9652,-37.9680,0.16,33.0,0.0,66.1,0.0,15.9,-7354.43,160.00,9160,LEFT
427,THRESH,left,0.9253,-22.4107,-89.28,54.8,0.0,0.0,100.0,15.6,308.04,160.00,2070,RIGHT
428,THRESH,left,0.8813,-13.0939,90.00,55.0,0.0,0.0,100.0,16.5,301.00,160.00,3154,RIGHT
429,THRESH,left,0.8063,-7.5339,0.00,33.0,0.0,0.0,66.0,17.1,289.00,160.00,5056,RIGHT
430,THRESH,left,-0.9191,-4.8879,4.76,34.2,0.0,0.0,68.3,17.3,12.95,160.00,4286,LEFT
431,THRESH,left,0.9622,-2.5479,86.28,54.1,0.0,0.0,100.0,17.5,313.96,160.00,718,RIGHT
432,THRESH,left,-45.9777,-19.9198,0.16,33.0,0.0,66.1,0.0,19.2,-7196.43,160.00,9027,LEFT
433,THRESH,left,-39.2819,-27.6646,0.19,33.0,0.0,66.1,0.0,18.5,-6125.11,160.00,9454,LEFT
434,THRESH,left,-45.1243,-34.6485,0.17,33.0,0.0,66.1,0.0,17.9,-7059.88,160.00,8819,LEFT
435,THRESH,left,-33.6162,-34.2356,0.22,33.1,0.0,66.1,0.0,17.3,-5218.60,160.00,9142,LEFT
436,THRESH,left,-30.4662,-32.7278,0.25,33.1,0.0,66.1,0.0,16.8,-4714.59,160.00,9052,LEFT
437,THRESH,left,-35.7399,-33.9326,0.21,33.1,0.0,66.1,0.0,16.3,-5558.38,160.00,9121,LEFT
438,THRESH,left,0.9548,-19.9776,-88.84,54.7,0.0,0.0,100.0,15.9,312.78,160.00,1390,RIGHT
439,THRESH,left,0.9159,-11.6202,-88.05,54.5,0.0,0.0,100.0,17.4,306.54,160.00,2436,RIGHT
440,THRESH,left,3.4449,-5.5942,-3.23,33.8,0.0,0.0,67.6,18.3,711.19,160.00,4826,RIGHT
441,THRESH,left,5.8229,-1.0273,-1.69,33.4,0.0,0.0,66.8,18.3,1091.67,160.00,4725,RIGHT
442,THRESH,left,0.9362,-0.2419,88.91,54.7,0.0,0.0,100.0,18.3,309.79,160.00,1625,RIGHT
443,THRESH,left,-34.9710,-14.1336,0.22,33.1,0.0,66.1,0.0,19.2,-5435.37,160.00,8815,LEFT
444,THRESH,left,-46.7752,-27.1902,0.16,33.0,0.0,66.1,0.0,18.5,-7324.04,160.00,9435,LEFT
445,THRESH,left,-28.3952,-27.6722,0.27,33.1,0.0,66.1,0.0,17.8,-4383.24,160.00,9191,LEFT
446,THRESH,left,-39.5843,-32.4371,0.19,33.0,0.0,66.1,0.0,17.3,-6173.49,160.00,9387,LEFT
447,THRESH,left,-40.3348,-35.5961,0.19,33.0,0.0,66.1,0.0,16.8,-6293.56,160.00,9055,LEFT
448,THRESH,left,-28.7212,-32.8462,0.26,33.1,0.0,66.1,0.0,16.3,-4435.39,160.00,8915,LEFT
449,THRESH,left,0.9120,-19.3429,-71.06,50.4,0.0,0.0,100.0,16.0,305.92,160.00,3759,RIGHT
450,THRESH,left,3.0204,-10.3976,-3.85,33.9,0.0,0.0,67.9,16.5,643.27,160.00,5100,RIGHT
451,THRESH,left,10.2987,-2.1191,-0.88,33.2,0.0,0.0,66.4,16.6,1807.79,160.00,7696,RIGHT
452,THRESH,right,8.8593,2.2723,-1.05,33.3,0.0,0.0,66.5,16.2,1577.49,160.00,5114,RIGHT
453,THRESH,right,0.9135,1.7288,-89.86,55.0,0.0,59.1,50.8,16.4,306.16,160.00,2328,RIGHT
454,THRESH,right,0.9628,1.4224,89.49,54.9,0.0,51.2,58.6,17.3,314.05,160.00,1014,RIGHT
455,THRESH,left,-40.1854,-15.2207,0.19,33.0,0.0,66.1,0.0,18.8,-6269.67,160.00,9154,LEFT
456,THRESH,left,-33.6175,-22.5794,0.22,33.1,0.0,66.1,0.0,18.2,-5218.80,160.00,9371,LEFT
457,THRESH,left,-31.0567,-25.9704,0.24,33.1,0.0,66.1,0.0,17.5,-4809.07,160.00,9318,LEFT
458,THRESH,left,0.9168,-15.2155,-86.61,54.2,0.0,0.0,100.0,17.0,306.68,160.00,2540,RIGHT
459,THRESH,left,1.0427,-8.7122,-37.94,42.3,0.0,0.0,84.5,17.9,326.83,160.00,3981,RIGHT
460,THRESH,left,3.6337,-3.7739,-3.00,33.7,0.0,0.0,67.5,18.1,741.39,160.00,5316,RIGHT
461,THRESH,right,14.7323,3.6286,-0.61,33.1,0.0,0.0,66.3,17.9,2517.18,160.00,5054,RIGHT
462,THRESH,right,0.9236,2.5466,88.80,54.7,0.0,100.0,8.1,17.9,307.78,160.00,1955,RIGHT
463,THRESH,right,0.9728,1.9171,88.42,54.6,0.0,93.5,15.7,18.7,315.65,160.00,629,RIGHT
464,THRESH,left,-29.1355,-10.5039,0.26,33.1,0.0,66.1,0.0,20.3,-4501.67,160.00,9065,LEFT
465,THRESH,left,-27.9764,-17.4929,0.27,33.1,0.0,66.1,0.0,19.5,-4316.23,160.00,8875,LEFT
466,THRESH,left,0.9280,-10.1246,-87.66,54.4,0.0,0.0,100.0,18.8,308.47,160.00,2181,RIGHT
467,THRESH,left,0.8932,-5.7175,-81.14,52.8,0.0,0.0,100.0,19.6,302.92,160.00,3506,RIGHT
468,THRESH,left,3.5600,-2.0065,-3.09,33.8,0.0,0.0,67.5,19.8,729.61,160.00,5035,RIGHT
469,THRESH,left,0.8375,-0.8689,0.00,33.0,0.0,0.0,66.0,19.6,294.00,160.00,4264,RIGHT
470,THRESH,left,0.9646,-0.1355,88.85,54.7,0.0,0.0,100.0,19.6,314.33,160.00,939,RIGHT
471,THRESH,left,-41.9166,-16.8479,0.18,33.0,0.0,66.1,0.0,21.0,-6546.66,160.00,9409,LEFT
472,THRESH,left,-27.8372,-21.2437,0.27,33.1,0.0,66.1,0.0,20.1,-4293.96,160.00,9356,LEFT
473,THRESH,left,-21.6045,-21.3880,0.35,33.1,0.0,66.2,0.0,19.3,-3296.72,160.00,9396,LEFT
474,THRESH,left,-23.7646,-22.3386,0.32,33.1,0.0,66.2,0.0,18.5,-3642.33,160.00,9434,LEFT
475,THRESH,left,-25.6396,-23.6590,0.29,33.1,0.0,66.1,0.0,17.9,-3942.34,160.00,9373,LEFT
476,THRESH,left,-29.9843,-26.1891,0.25,33.1,0.0,66.1,0.0,17.3,-4637.49,160.00,9067,LEFT
477,THRESH,left,-33.8379,-29.2487,0.22,33.1,0.0,66.1,0.0,16.7,-5254.07,160.00,9249,LEFT
478,THRESH,left,-32.2981,-30.4684,0.23,33.1,0.0,66.1,0.0,16.3,-5007.69,160.00,9184,LEFT
479,THRESH,left,-26.7309,-28.9734,0.28,33.1,0.0,66.1,0.0,15.9,-4116.94,160.00,8744,LEFT
480,THRESH,left,-29.2371,-29.0789,0.25,33.1,0.0,66.1,0.0,15.5,-4517.93,160.00,9112,LEFT
481,THRESH,left,-27.4238,-28.4168,0.27,33.1,0.0,66.1,0.0,15.1,-4227.81,160.00,9275,LEFT
482,THRESH,left,-28.0482,-28.2694,0.26,33.1,0.0,66.1,0.0,14.8,-4327.71,160.00,9262,LEFT
483,THRESH,left,-25.1146,-27.0075,0.29,33.1,0.0,66.1,0.0,14.5,-3858.34,160.00,9454,LEFT
484,THRESH,left,-25.7013,-26.4850,0.28,33.1,0.0,66.1,0.0,14.2,-3952.21,160.00,9140,LEFT
485,THRESH,left,-18.7309,-23.3834,0.38,33.1,0.0,66.2,0.0,14.0,-2836.95,160.00,9077,LEFT
486,THRESH,left,-12.5505,-19.0502,0.55,33.1,0.0,66.3,0.0,13.8,-1848.08,160.00,8748,LEFT
487,THRESH,left,-11.1768,-15.9009,0.62,33.2,0.0,66.3,0.0,13.7,-1628.29,160.00,8653,LEFT
488,THRESH,left,-10.4626,-13.7256,0.67,33.2,0.0,66.3,0.0,13.5,-1514.02,160.00,8842,LEFT
489,THRESH,left,-10.9999,-12.6353,0.65,33.2,0.0,66.3,0.0,13.3,-1599.98,160.00,9091,LEFT
490,THRESH,left,-10.7661,-11.8876,0.66,33.2,0.0,66.3,0.0,13.1,-1562.57,160.00,9042,LEFT
491,THRESH,left,-10.8939,-11.4901,0.66,33.2,0.0,66.3,0.0,13.0,-1583.03,160.00,8973,LEFT
492,THRESH,left,-8.8990,-10.4537,0.80,33.2,0.0,66.4,0.0,12.9,-1263.84,160.00,8415,LEFT
493,THRESH,left,-8.2134,-9.5576,0.86,33.2,0.0,66.4,0.0,12.9,-1154.14,160.00,8284,LEFT
494,THRESH,left,-7.2663,-8.6411,0.96,33.2,0.0,66.5,0.0,12.8,-1002.61,160.00,8269,LEFT
495,THRESH,left,-7.0885,-8.0200,0.99,33.2,0.0,66.5,0.0,12.8,-974.16,160.00,8333,LEFT
496,THRESH,left,-7.6813,-7.8846,0.91,33.2,0.0,66.4,0.0,12.8,-1069.01,160.00,8970,LEFT
497,THRESH,left,-8.2059,-8.0131,0.85,33.2,0.0,66.4,0.0,12.7,-1152.94,160.00,9194,LEFT
498,THRESH,left,-7.1377,-7.6629,0.96,33.2,0.0,66.5,0.0,12.7,-982.03,160.00,8915,LEFT
499,THRESH,left,-9.0688,-8.2253,0.78,33.2,0.0,66.4,0.0,12.6,-1291.00,160.00,8879,LEFT
500,THRESH,left,0.9052,-4.5731,70.22,50.2,0.0,0.0,100.0,12.5,304.84,160.00,747,RIGHT
501,THRESH,left,0.8855,-2.3896,72.20,50.6,0.0,0.0,100.0,14.6,301.69,160.00,1336,RIGHT
502,THRESH,left,0.7469,-1.1350,48.00,44.7,0.0,0.0,89.5,16.1,279.50,160.00,2794,RIGHT
503,THRESH,left,0.8228,-0.3519,62.63,48.3,0.0,0.0,96.6,16.9,291.65,160.00,2188,RIGHT
504,THRESH,right,0.9159,0.1552,72.93,50.8,0.0,0.0,100.0,17.8,306.54,160.00,689,RIGHT
505,THRESH,left,-14.5986,-5.7463,0.50,33.1,0.0,66.2,0.0,19.4,-2175.77,160.00,9085,LEFT
506,THRESH,left,-9.3132,-7.1731,0.76,33.2,0.0,66.4,0.0,18.7,-1330.11,160.00,9055,LEFT
507,THRESH,left,-8.6436,-7.7613,0.82,33.2,0.0,66.4,0.0,18.0,-1222.97,160.00,8862,LEFT
508,THRESH,left,-10.7470,-8.9555,0.67,33.2,0.0,66.3,0.0,17.4,-1559.51,160.00,9156,LEFT
509,THRESH,left,-13.1631,-10.6386,0.55,33.1,0.0,66.3,0.0,16.9,-1946.10,160.00,9181,LEFT
510,THRESH,left,-15.7280,-12.6743,0.46,33.1,0.0,66.2,0.0,16.4,-2356.48,160.00,9145,LEFT
511,THRESH,left,-25.7083,-17.8879,0.29,33.1,0.0,66.1,0.0,16.0,-3953.33,160.00,9996,LEFT
512,THRESH,left,-40.1461,-26.7912,0.18,33.0,0.0,66.1,0.0,15.5,-6263.38,160.00,10441,LEFT
513,THRESH,left,-45.3029,-34.1959,0.16,33.0,0.0,66.1,0.0,15.1,-7088.47,160.00,10698,LEFT
514,THRESH,left,0.9209,-20.1492,81.16,52.8,0.0,0.0,100.0,14.6,307.35,160.00,1237,RIGHT
515,THRESH,left,0.6942,-11.8118,41.70,43.2,0.0,0.0,86.4,16.2,271.07,160.00,3551,RIGHT
516,THRESH,left,0.1080,-7.0439,11.34,35.8,0.0,0.0,71.5,16.8,177.28,160.00,4469,RIGHT
517,THRESH,left,0.8563,-3.8838,73.10,50.9,0.0,0.0,100.0,17.0,297.00,160.00,2285,RIGHT
518,THRESH,left,-40.1536,-18.3917,0.18,33.0,0.0,66.1,0.0,18.0,-6264.58,160.00,7367,LEFT
519,THRESH,left,-37.5692,-26.0627,0.20,33.0,0.0,66.1,0.0,17.6,-5851.06,160.00,10316,LEFT
520,THRESH,left,-23.6604,-25.1018,0.31,33.1,0.0,66.2,0.0,16.9,-3625.67,160.00,9685,LEFT
521,THRESH,left,-35.0938,-29.0986,0.21,33.1,0.0,66.1,0.0,16.4,-5455.01,160.00,10376,LEFT
522,THRESH,left,-76.5805,-48.0914,0.10,33.0,0.0,66.0,0.0,15.9,-12092.88,160.00,10542,LEFT
523,THRESH,left,-57.0653,-51.6809,0.13,33.0,0.0,66.1,0.0,15.4,-8970.45,160.00,8128,LEFT
524,THRESH,left,0.7471,-30.7097,52.39,45.8,0.0,0.0,91.6,15.2,279.53,160.00,3547,RIGHT
525,THRESH,left,-0.4474,-18.6048,6.53,34.6,0.0,0.0,69.2,15.8,88.42,160.00,4743,LEFT
526,THRESH,left,-3.8509,-12.7032,1.81,33.4,0.0,47.2,19.7,16.1,-456.14,160.00,6812,LEFT
527,THRESH,left,-0.1390,-7.6775,8.55,35.1,0.0,0.0,70.2,16.1,137.77,160.00,4639,LEFT
528,THRESH,left,0.9105,-4.2423,82.99,53.3,0.0,0.0,100.0,16.4,305.69,160.00,1695,RIGHT
529,THRESH,left,0.9211,-2.1770,83.83,53.5,0.0,0.0,100.0,17.6,307.37,160.00,1488,RIGHT
530,THRESH,left,0.9292,-0.9345,82.63,53.2,0.0,0.0,100.0,18.8,308.67,160.00,1160,RIGHT
531,THRESH,left,-77.3430,-31.4979,0.10,33.0,0.0,66.0,0.0,20.1,-12214.88,160.00,9626,LEFT
532,THRESH,left,-32.4711,-31.8872,0.23,33.1,0.0,66.1,0.0,19.3,-5035.38,160.00,10156,LEFT
533,THRESH,left,-22.9356,-28.3066,0.33,33.1,0.0,66.2,0.0,18.4,-3509.70,160.00,9926,LEFT
534,THRESH,left,-27.7780,-28.0951,0.27,33.1,0.0,66.1,0.0,17.8,-4284.48,160.00,10256,LEFT
535,THRESH,left,-55.3620,-39.0019,0.14,33.0,0.0,66.1,0.0,17.1,-8697.91,160.00,10499,LEFT
536,THRESH,left,-112.2679,-68.3083,0.07,33.0,0.0,66.0,0.0,16.5,-17802.86,160.00,9707,LEFT
537,THRESH,left,0.9153,-40.6189,86.91,54.2,0.0,0.0,100.0,16.0,306.45,160.00,1975,RIGHT
538,THRESH,left,0.8394,-24.0356,77.32,51.9,0.0,0.0,100.0,17.3,294.30,160.00,3250,RIGHT
539,THRESH,left,-0.2247,-14.5112,7.81,34.9,0.0,0.0,69.8,17.7,124.04,160.00,4281,LEFT
540,THRESH,left,0.7499,-8.4068,52.82,45.9,0.0,0.0,91.8,17.9,279.99,160.00,3516,RIGHT
541,THRESH,left,0.9166,-4.6774,83.99,53.5,0.0,0.0,100.0,18.2,306.66,160.00,1643,RIGHT
542,THRESH,left,-92.3589,-39.7500,0.08,33.0,0.0,66.0,0.0,19.1,-14617.43,160.00,10166,LEFT
543,THRESH,left,-28.5341,-35.2636,0.27,33.1,0.0,66.1,0.0,18.3,-4405.45,160.00,10441,LEFT
544,THRESH,left,-17.7751,-28.2682,0.42,33.1,0.0,66.2,0.0,17.5,-2684.01,160.00,9639,LEFT
545,THRESH,left,-29.2945,-28.6787,0.26,33.1,0.0,66.1,0.0,17.0,-4527.12,160.00,10016,LEFT
546,THRESH,left,-34.2981,-30.9265,0.22,33.1,0.0,66.1,0.0,16.4,-5327.70,160.00,10072,LEFT
547,THRESH,left,-32.0569,-31.3786,0.24,33.1,0.0,66.1,0.0,15.9,-4969.10,160.00,9421,LEFT
548,THRESH,left,-27.8190,-29.9548,0.27,33.1,0.0,66.1,0.0,15.5,-4291.04,160.00,10032,LEFT
549,THRESH,left,0.9227,-17.6038,88.46,54.6,0.0,0.0,100.0,15.1,307.63,160.00,1913,RIGHT
550,THRESH,left,-3.6791,-12.0339,1.86,33.5,0.0,0.0,66.9,16.1,-428.65,160.00,4299,LEFT
551,THRESH,left,-9.6795,-11.0921,0.80,33.2,0.0,66.4,0.0,16.6,-1388.71,160.00,5429,LEFT
552,THRESH,left,0.5855,-6.4211,28.78,40.0,0.0,0.0,80.1,16.6,253.69,160.00,3856,RIGHT
553,THRESH,left,0.8921,-3.4958,84.49,53.7,0.0,0.0,100.0,17.0,302.73,160.00,2361,RIGHT
554,THRESH,left,0.9206,-1.7293,87.97,54.5,0.0,0.0,100.0,18.0,307.29,160.00,1924,RIGHT
555,THRESH,left,0.9200,-0.6696,85.88,54.0,0.0,0.0,100.0,19.0,307.20,160.00,1739,RIGHT
556,THRESH,left,-53.6601,-21.8658,0.14,33.0,0.0,66.1,0.0,20.0,-8425.61,160.00,7206,LEFT
557,THRESH,left,-32.7361,-26.2139,0.23,33.1,0.0,66.1,0.0,19.5,-5077.78,160.00,9920,LEFT
558,THRESH,left,-28.1659,-26.9947,0.27,33.1,0.0,66.1,0.0,18.7,-4346.55,160.00,9650,LEFT
559,THRESH,left,-21.9780,-24.9880,0.34,33.1,0.0,66.2,0.0,18.0,-3356.48,160.00,9710,LEFT
560,THRESH,left,-23.1217,-24.2415,0.32,33.1,0.0,66.2,0.0,17.4,-3539.48,160.00,9364,LEFT
561,THRESH,left,0.9595,-14.1611,88.72,54.7,0.0,0.0,100.0,16.8,313.52,160.00,1003,RIGHT
562,THRESH,left,0.9201,-8.1286,88.89,54.7,0.0,0.0,100.0,18.4,307.21,160.00,2032,RIGHT
563,THRESH,left,0.8708,-4.5289,88.52,54.6,0.0,0.0,100.0,19.2,299.33,160.00,3294,RIGHT
564,THRESH,left,0.8776,-2.3663,84.33,53.6,0.0,0.0,100.0,19.5,300.41,160.00,2751,RIGHT
565,THRESH,left,0.9464,-1.0412,86.07,54.0,0.0,0.0,100.0,20.0,311.42,160.00,1085,RIGHT
566,THRESH,left,-24.3627,-10.3698,0.30,33.1,0.0,66.1,0.0,21.0,-3738.03,160.00,9236,LEFT
567,THRESH,left,-31.4828,-18.8150,0.24,33.1,0.0,66.1,0.0,20.1,-4877.25,160.00,9769,LEFT
568,THRESH,left,-28.4003,-22.6491,0.26,33.1,0.0,66.1,0.0,19.2,-4384.04,160.00,10099,LEFT
569,THRESH,left,-28.6991,-25.0691,0.26,33.1,0.0,66.1,0.0,18.4,-4431.85,160.00,9352,LEFT
570,THRESH,left,-30.2284,-27.1328,0.25,33.1,0.0,66.1,0.0,17.7,-4676.55,160.00,9099,LEFT
571,THRESH,left,-25.0969,-26.3185,0.30,33.1,0.0,66.1,0.0,17.1,-3855.51,160.00,9156,LEFT
572,THRESH,left,-24.7578,-25.6942,0.30,33.1,0.0,66.1,0.0,16.6,-3801.24,160.00,8642,LEFT
573,THRESH,left,0.9344,-15.0428,90.00,55.0,0.0,0.0,100.0,16.2,309.50,160.00,1760,RIGHT
574,THRESH,left,0.8844,-8.6719,90.00,55.0,0.0,0.0,100.0,17.5,301.50,160.00,3040,RIGHT
575,THRESH,left,0.8469,-4.8644,0.00,33.0,0.0,0.0,66.0,18.1,295.50,160.00,4016,RIGHT
576,THRESH,left,0.7641,-2.6130,57.59,47.1,0.0,0.0,94.2,18.3,282.25,160.00,3681,RIGHT
577,THRESH,left,0.9137,-1.2023,87.18,54.3,0.0,0.0,100.0,18.5,306.19,160.00,2004,RIGHT
578,THRESH,left,-23.1944,-9.9992,0.32,33.1,0.0,66.2,0.0,19.5,-3551.11,160.00,8617,LEFT
579,THRESH,left,-22.4117,-14.9642,0.33,33.1,0.0,66.2,0.0,18.8,-3425.87,160.00,9004,LEFT
580,THRESH,left,-27.3649,-19.9245,0.27,33.1,0.0,66.1,0.0,18.2,-4218.39,160.00,8986,LEFT
581,THRESH,left,-19.8145,-19.8805,0.38,33.1,0.0,66.2,0.0,17.5,-3010.33,160.00,8968,LEFT
582,THRESH,left,-17.8973,-19.0872,0.42,33.1,0.0,66.2,0.0,17.0,-2703.56,160.00,8569,LEFT
583,THRESH,left,-18.5517,-18.8730,0.40,33.1,0.0,66.2,0.0,16.6,-2808.27,160.00,8833,LEFT
584,THRESH,left,-16.1872,-17.7987,0.45,33.1,0.0,66.2,0.0,16.2,-2429.95,160.00,6832,LEFT
585,THRESH,left,0.8768,-10.3285,81.30,52.9,0.0,0.0,100.0,16.1,300.29,160.00,1684,RIGHT
586,THRESH,left,0.6339,-5.9435,30.10,40.4,0.0,0.0,80.7,17.3,261.43,160.00,2173,RIGHT
587,THRESH,left,0.4412,-3.3896,17.37,37.2,0.0,0.0,74.5,17.9,230.60,160.00,2447,RIGHT
588,THRESH,left,-9.8282,-5.9650,0.74,33.2,0.0,66.4,0.0,18.6,-1412.51,160.00,6649,LEFT
589,THRESH,left,-11.9957,-8.3773,0.62,33.2,0.0,66.3,0.0,18.3,-1759.31,160.00,8593,LEFT
590,THRESH,left,-13.7173,-10.5133,0.54,33.1,0.0,66.3,0.0,17.7,-2034.77,160.00,8582,LEFT
591,THRESH,left,-11.8994,-11.0678,0.62,33.2,0.0,66.3,0.0,17.2,-1743.91,160.00,8158,LEFT
592,THRESH,left,-11.9588,-11.4242,0.62,33.2,0.0,66.3,0.0,16.8,-1753.41,160.00,8660,LEFT
593,THRESH,left,-14.7010,-12.7349,0.50,33.1,0.0,66.2,0.0,16.4,-2192.17,160.00,8614,LEFT
594,THRESH,left,-14.7824,-13.5539,0.49,33.1,0.0,66.2,0.0,16.0,-2205.18,160.00,9188,LEFT
595,THRESH,left,-27.1735,-19.0017,0.27,33.1,0.0,66.1,0.0,15.6,-4187.76,160.00,8667,LEFT
596,THRESH,left,-37.7056,-26.4833,0.19,33.0,0.0,66.1,0.0,15.3,-5872.90,160.00,9194,LEFT
597,THRESH,right,47.8896,3.2659,-0.16,33.0,0.0,0.0,66.1,15.1,7822.34,160.00,9068,RIGHT
598,THRESH,right,83.1919,35.2363,-0.09,33.0,0.0,0.0,66.0,14.8,13470.70,160.00,9487,RIGHT
599,THRESH,right,760.1042,325.1834,-0.01,33.0,0.0,0.0,66.0,14.5,121776.66,160.00,9266,RIGHT
600,THRESH,right,73.3551,224.4521,-0.10,33.0,0.0,0.0,66.0,14.3,11896.81,160.00,9267,RIGHT
601,THRESH,right,-131.9447,81.8934,0.06,33.0,0.0,66.0,0.0,14.0,-20951.15,160.00,9258,LEFT
602,THRESH,right,-44.1989,31.4565,0.17,33.0,0.0,66.1,0.0,13.9,-6911.82,160.00,9344,LEFT
603,THRESH,right,-20.5344,10.6601,0.36,33.1,0.0,66.2,0.0,13.7,-3125.51,160.00,8887,LEFT
604,THRESH,left,-53.2833,-14.9173,0.14,33.0,0.0,66.1,0.0,13.7,-8365.34,160.00,9053,LEFT
605,THRESH,left,-369.2714,-156.6589,0.02,33.0,0.0,66.0,0.0,13.5,-58923.42,160.00,9466,LEFT
606,THRESH,left,123.5883,-44.5600,-0.06,33.0,0.0,0.0,66.0,13.4,19934.12,160.00,9490,RIGHT
607,THRESH,left,40.4775,-10.5450,-0.18,33.0,0.0,0.0,66.1,13.3,6636.40,160.00,9373,RIGHT
608,THRESH,right,50.5459,13.8913,-0.15,33.0,0.0,0.0,66.1,13.2,8247.34,160.00,9723,RIGHT
609,THRESH,right,37.4219,23.3036,-0.20,33.0,0.0,0.0,66.1,13.1,6147.51,160.00,9590,RIGHT
610,THRESH,right,45.0458,32.0004,-0.17,33.0,0.0,0.0,66.1,12.9,7367.32,160.00,9257,RIGHT
611,THRESH,left,-61.8600,-5.5437,0.12,33.0,0.0,66.1,0.0,12.9,-9737.60,160.00,9969,LEFT
612,THRESH,left,-23.8097,-12.8501,0.32,33.1,0.0,66.2,0.0,12.8,-3649.55,160.00,9612,LEFT
613,THRESH,left,-16.9877,-14.5051,0.45,33.1,0.0,66.2,0.0,12.7,-2558.03,160.00,8929,LEFT
614,THRESH,left,-22.4759,-17.6935,0.34,33.1,0.0,66.2,0.0,12.7,-3436.15,160.00,9226,LEFT
615,THRESH,left,-30.3042,-22.7378,0.25,33.1,0.0,66.1,0.0,12.6,-4688.67,160.00,9447,LEFT
616,THRESH,left,-240.0921,-109.6795,0.03,33.0,0.0,66.0,0.0,12.6,-38254.74,160.00,9504,LEFT
617,THRESH,left,79.6686,-33.9402,-0.10,33.0,0.0,0.0,66.0,12.5,12906.98,160.00,9200,RIGHT
618,THRESH,right,58.6514,3.0964,-0.13,33.0,0.0,0.0,66.1,12.5,9544.22,160.00,9317,RIGHT
619,THRESH,right,39.0497,17.4777,-0.19,33.0,0.0,0.0,66.1,12.5,6407.96,160.00,9623,RIGHT
620,THRESH,right,801.5522,331.1075,-0.01,33.0,0.0,0.0,66.0,12.4,128408.36,160.00,9891,RIGHT
621,THRESH,right,2509.9570,1202.6473,-0.00,33.0,0.0,0.0,66.0,12.3,401753.12,160.00,9490,RIGHT
622,THRESH,right,-65.1901,695.5124,0.12,33.0,0.0,66.1,0.0,12.3,-10270.42,160.00,9733,LEFT
623,THRESH,right,-32.8286,404.1760,0.24,33.1,0.0,66.1,0.0,12.3,-5092.57,160.00,9606,LEFT
624,THRESH,right,-43.8818,224.9529,0.18,33.0,0.0,66.1,0.0,12.3,-6861.09,160.00,9270,LEFT
625,THRESH,right,-47.1986,116.0923,0.17,33.0,0.0,66.1,0.0,12.3,-7391.78,160.00,8898,LEFT
626,THRESH,right,-87.8650,34.5094,0.09,33.0,0.0,66.0,0.0,12.3,-13898.41,160.00,9758,LEFT
